 0.00  0.00 26602.75
-4.56 10.71 27356.15
-5.26 14.31 27585.03
-6.04 15.56 27695.89
-6.47 16.83 27762.65
-6.13 17.91 27807.95
-6.61 17.87 27840.14
-6.63 18.79 27865.17
-6.79 18.74 27885.44
-6.63 19.71 27902.13
-6.56 19.55 27916.43
-6.85 20.07 27928.35
-6.85 20.14 27939.08
-6.83 20.47 27948.62
-7.10 20.88 27958.15
-6.87 21.31 27966.50
-7.12 20.96 27973.65
-7.39 21.25 27982.00
-6.90 21.77 27989.15
-6.85 21.53 27996.30
-6.98 21.76 28003.45
-6.81 21.40 28010.61
-7.16 22.37 28017.76
-6.96 22.10 28026.10
-7.07 21.98 28033.26
-6.71 21.59 28042.79
-7.33 22.60 28051.14
-7.20 22.25 28060.67
-7.29 22.71 28071.40
-7.06 22.78 28084.52
-7.64 24.02 28098.82
-7.19 23.79 28115.51
-7.21 24.30 28134.58
-7.51 24.85 28160.81
-7.04 26.36 28193.00
-7.16 26.54 28239.49
-6.69 28.50 28307.44
-5.92 31.82 28421.88
-1.68 39.46 28659.11
 0.00  0.00 29470.92